1.998022918701171875e+02
1.801595001220703125e+02
1.615175170898437500e+02
1.439232940673828125e+02
1.273963012695312500e+02
1.119551391601562500e+02
9.761615753173828125e+01
8.439189147949218750e+01
7.228955078125000000e+01
6.130920791625976562e+01
5.144208526611328125e+01
4.266878509521484375e+01
3.495817184448242188e+01
2.826687049865722656e+01
2.253902053833007812e+01
1.770769309997558594e+01
1.369584846496582031e+01
1.041951179504394531e+01
7.790374755859375000e+00
5.719256401062011719e+00
4.119002819061279297e+00
2.907371520996093750e+00
2.009224891662597656e+00
1.358056068420410156e+00
8.967757225036621094e-01
5.777835845947265625e-01
3.628373146057128906e-01
2.217531204223632812e-01
1.317143440246582031e-01
7.591247558593750000e-02
4.237890243530273438e-02
2.288818359375000000e-02
1.192092895507812500e-02
5.948543548583984375e-03
2.908706665039062500e-03
1.418590545654296875e-03
6.675720214843750000e-04
6.675720214843750000e-04
6.675720214843750000e-04
6.556510925292968750e-04
6.198883056640625000e-04
5.960464477539062500e-04
5.602836608886718750e-04
5.364418029785156250e-04
5.125999450683593750e-04
4.768371582031250000e-04
4.529953002929687500e-04
4.291534423828125000e-04
4.172325134277343750e-04
3.933906555175781250e-04
