9.885231265798211098e-04
9.920250624418258667e-02
1.924123466014862061e-01
2.803835272789001465e-01
3.630185127258300781e-01
4.402242600917816162e-01
5.119192004203796387e-01
5.780405402183532715e-01
6.385522484779357910e-01
6.934539675712585449e-01
7.427895665168762207e-01
7.866560816764831543e-01
8.252091407775878906e-01
8.586656451225280762e-01
8.873049020767211914e-01
9.114615321159362793e-01
9.315207600593566895e-01
9.479024410247802734e-01
9.610481262207031250e-01
9.714037179946899414e-01
9.794049859046936035e-01
9.854631423950195312e-01
9.899538755416870117e-01
9.932097196578979492e-01
9.955161213874816895e-01
9.971110820770263672e-01
9.981858134269714355e-01
9.988912343978881836e-01
9.993414282798767090e-01
9.996204376220703125e-01
9.997881054878234863e-01
9.998855590820312500e-01
9.999403953552246094e-01
9.999702572822570801e-01
9.999854564666748047e-01
9.999929070472717285e-01
9.999966621398925781e-01
9.999966621398925781e-01
9.999966621398925781e-01
9.999967217445373535e-01
9.999969005584716797e-01
9.999970197677612305e-01
9.999971985816955566e-01
9.999973177909851074e-01
9.999974370002746582e-01
9.999976158142089844e-01
9.999977350234985352e-01
9.999978542327880859e-01
9.999979138374328613e-01
9.999980330467224121e-01
