1.005681686401367188e+02
8.179517364501953125e+01
6.575080871582031250e+01
5.228411483764648438e+01
4.104901885986328125e+01
3.178993415832519531e+01
2.426006507873535156e+01
1.821913909912109375e+01
1.340527915954589844e+01
9.630405426025390625e+00
6.779461860656738281e+00
4.672102928161621094e+00
3.145987749099731445e+00
2.065008640289306641e+00
1.319706201553344727e+00
8.214333057403564453e-01
4.987266957759857178e-01
2.960170507431030273e-01
1.723911911249160767e-01
9.924943745136260986e-02
5.727033689618110657e-02
3.382689878344535828e-02
2.099495008587837219e-02
1.401270832866430283e-02
1.013140287250280380e-02
7.802067790180444717e-03
6.154267117381095886e-03
4.875704180449247360e-03
3.986889962106943130e-03
3.335539251565933228e-03
2.805097494274377823e-03
2.389826811850070953e-03
2.055948833003640175e-03
1.767920446582138538e-03
1.506350352428853512e-03
1.259328797459602356e-03
1.033068285323679447e-03
8.373208693228662014e-04
6.728604785166680813e-04
5.385506083257496357e-04
4.300021973904222250e-04
3.426955081522464752e-04
2.725000958889722824e-04
2.165016485378146172e-04
1.724508911138400435e-04
1.384637289447709918e-04
1.124858390539884567e-04
9.339850657852366567e-05
7.946985715534538031e-05
6.923257751623168588e-05
