9.906672639772295952e-04
9.920463711023330688e-02
1.924144625663757324e-01
2.803856134414672852e-01
3.630205392837524414e-01
4.402261972427368164e-01
5.119211077690124512e-01
5.780423879623413086e-01
6.385539174079895020e-01
6.934555172920227051e-01
7.427909970283508301e-01
7.866573929786682129e-01
8.252103328704833984e-01
8.586667180061340332e-01
8.873056173324584961e-01
9.114621281623840332e-01
9.315212368965148926e-01
9.479029178619384766e-01
9.610485434532165527e-01
9.714040756225585938e-01
9.794052243232727051e-01
9.854633808135986328e-01
9.899541139602661133e-01
9.932099580764770508e-01
9.955162405967712402e-01
9.971112012863159180e-01
9.981859326362609863e-01
9.988913536071777344e-01
9.993414878845214844e-01
9.996204376220703125e-01
9.997881054878234863e-01
9.998855590820312500e-01
9.999403953552246094e-01
9.999702572822570801e-01
9.999854564666748047e-01
9.999929070472717285e-01
9.999966621398925781e-01
9.999966621398925781e-01
9.999966621398925781e-01
9.999967217445373535e-01
9.999969005584716797e-01
9.999970197677612305e-01
9.999971985816955566e-01
9.999973177909851074e-01
9.999974370002746582e-01
9.999976158142089844e-01
9.999977350234985352e-01
9.999978542327880859e-01
9.999979138374328613e-01
9.999980330467224121e-01
