1.003738021850585938e+02
8.168691253662109375e+01
6.573023986816406250e+01
5.224401855468750000e+01
4.093805694580078125e+01
3.158527946472167969e+01
2.400570297241210938e+01
1.795779609680175781e+01
1.318644618988037109e+01
9.487797737121582031e+00
6.681910037994384766e+00
4.598741531372070312e+00
3.089933156967163086e+00
2.024008750915527344e+00
1.290259122848510742e+00
7.993502616882324219e-01
4.807041585445404053e-01
2.803889811038970947e-01
1.586194038391113281e-01
8.713000267744064331e-02
4.659922793507575989e-02
2.433709986507892609e-02
1.245148945599794388e-02
6.431478075683116913e-03
3.585292957723140717e-03
2.278067171573638916e-03
1.672594458796083927e-03
1.374952262267470360e-03
1.207354944199323654e-03
1.094511360861361027e-03
1.005905796773731709e-03
9.298385120928287506e-04
8.615935803391039371e-04
7.993461331352591515e-04
7.421440095640718937e-04
6.895831902511417866e-04
6.410090718418359756e-04
5.958128604106605053e-04
5.529396003112196922e-04
5.095553351566195488e-04
4.576450737658888102e-04
3.645867691375315189e-04
2.461817057337611914e-04
1.828934327932074666e-04
1.481537619838491082e-04
1.259473647223785520e-04
1.088285280275158584e-04
9.532310650683939457e-05
8.423200051765888929e-05
7.501774234697222710e-05
