9.952223096752256006e-07
9.842937814708518918e-03
3.702598047850913510e-02
7.861991938476453612e-02
1.317887371954293840e-01
1.938048512376164823e-01
2.620696283225356638e-01
3.341398931189729637e-01
4.077584131394793587e-01
4.808876637942240961e-01
5.517458147405704949e-01
6.188369809905545083e-01
6.809786844655754123e-01
7.373145719257081510e-01
7.873163357613890412e-01
8.307678832352394238e-01
8.677361455880259200e-01
8.985237836556194679e-01
9.236175107219288805e-01
9.436287731480810237e-01
9.592369285171606919e-01
9.711393671652821524e-01
9.800098558173431229e-01
9.864666128216335039e-01
9.910530599911204774e-01
9.942312231903684960e-01
9.963756320851224757e-01
9.977842935425975668e-01
9.986837667996475432e-01
9.992413768038979072e-01
9.995764942430049871e-01
9.997712504564368885e-01
9.998809134653505737e-01
9.999405154491434189e-01
9.999709131448639710e-01
9.999858141448534354e-01
9.999933242909264663e-01
9.999933242909264663e-01
9.999933242909264663e-01
9.999934434998216659e-01
9.999938011265498972e-01
9.999940395444042451e-01
9.999943971712390578e-01
9.999946355891644600e-01
9.999948740071182840e-01
9.999952316341023106e-01
9.999954700521271889e-01
9.999957084701804888e-01
9.999958276792177969e-01
9.999960660973137294e-01
