1.016105728149414062e+02
8.292053222656250000e+01
6.693084716796875000e+01
5.335966110229492188e+01
4.200661087036132812e+01
3.268890380859375000e+01
2.512646865844726562e+01
1.906086158752441406e+01
1.426630496978759766e+01
1.053464889526367188e+01
7.683974742889404297e+00
5.553303718566894531e+00
3.999337196350097656e+00
2.894535303115844727e+00
2.128841161727905273e+00
1.611366152763366699e+00
1.269967317581176758e+00
1.049383401870727539e+00
9.086751341819763184e-01
8.185119032859802246e-01
7.586475014686584473e-01
7.159448266029357910e-01
6.827582716941833496e-01
6.550970077514648438e-01
6.308823823928833008e-01
6.089987158775329590e-01
5.889075398445129395e-01
5.703799128532409668e-01
5.532957911491394043e-01
5.375463366508483887e-01
5.230141282081604004e-01
5.095812082290649414e-01
4.971386492252349854e-01
4.855885207653045654e-01
4.748428761959075928e-01
4.648218750953674316e-01
4.554515480995178223e-01
4.466631114482879639e-01
4.383933246135711670e-01
4.305843710899353027e-01
4.231849610805511475e-01
4.161498546600341797e-01
4.094394445419311523e-01
4.030196070671081543e-01
3.968611061573028564e-01
3.909379541873931885e-01
3.852277398109436035e-01
3.797103762626647949e-01
3.743671476840972900e-01
3.691808581352233887e-01
