9.988095207738665465e-07
9.843294104563193869e-03
3.702665143015337890e-02
7.862088872386951977e-02
1.317899705703808877e-01
1.938062681956234101e-01
2.620712760405616848e-01
3.341416158395169589e-01
4.077601639529007116e-01
4.808895651359677004e-01
5.517476742538498513e-01
6.188387627626070753e-01
6.809803568112329231e-01
7.373162097101157997e-01
7.873178166178718129e-01
8.307691870964504233e-01
8.677372560510008270e-01
8.985245746493184527e-01
9.236183126848942493e-01
9.436292363504072966e-01
9.592373955345898651e-01
9.711398370712096551e-01
9.800102098526828343e-01
9.864669680213324909e-01
9.910534160155890504e-01
9.942314609202753672e-01
9.963758700712652683e-01
9.977844126197510377e-01
9.986838859304612015e-01
9.992414959679649655e-01
9.995766134270525072e-01
9.997713696520946769e-01
9.998809134653505737e-01
9.999405154491434189e-01
9.999709131448639710e-01
9.999858141448534354e-01
9.999933242909264663e-01
9.999933242909264663e-01
9.999933242909264663e-01
9.999934434998216659e-01
9.999938011265498972e-01
9.999940395444042451e-01
9.999943971712390578e-01
9.999946355891644600e-01
9.999948740071182840e-01
9.999952316341023106e-01
9.999954700521271889e-01
9.999957084701804888e-01
9.999958276792177969e-01
9.999960660973137294e-01
