1.998001251220703125e+02
1.801573333740234375e+02
1.615153808593750000e+02
1.439211578369140625e+02
1.273942260742187500e+02
1.119531402587890625e+02
9.761420440673828125e+01
8.439002990722656250e+01
7.228779602050781250e+01
6.130759811401367188e+01
5.144055938720703125e+01
4.266738891601562500e+01
3.495693206787109375e+01
2.826576232910156250e+01
2.253813743591308594e+01
1.770691871643066406e+01
1.369516849517822266e+01
1.041892814636230469e+01
7.789874076843261719e+00
5.718839168548583984e+00
4.118669033050537109e+00
2.907145023345947266e+00
2.009069919586181641e+00
1.357913017272949219e+00
8.966684341430664062e-01
5.776882171630859375e-01
3.627419471740722656e-01
2.216815948486328125e-01
1.316547393798828125e-01
7.586479187011718750e-02
4.234313964843750000e-02
2.286434173583984375e-02
1.190900802612304688e-02
5.948543548583984375e-03
2.908706665039062500e-03
1.418590545654296875e-03
6.675720214843750000e-04
6.675720214843750000e-04
6.675720214843750000e-04
6.556510925292968750e-04
6.198883056640625000e-04
5.960464477539062500e-04
5.602836608886718750e-04
5.364418029785156250e-04
5.125999450683593750e-04
4.768371582031250000e-04
4.529953002929687500e-04
4.291534423828125000e-04
4.172325134277343750e-04
3.933906555175781250e-04
