1.016138916015625000e+02
8.292131805419921875e+01
6.693462371826171875e+01
5.336698532104492188e+01
4.201034545898437500e+01
3.268799972534179688e+01
2.513007736206054688e+01
1.907187271118164062e+01
1.428309440612792969e+01
1.055835151672363281e+01
7.712212085723876953e+00
5.579447269439697266e+00
4.018510818481445312e+00
2.904042720794677734e+00
2.127158641815185547e+00
1.598513007164001465e+00
1.247012376785278320e+00
1.017823457717895508e+00
8.702054023742675781e-01
7.751522064208984375e-01
7.128759622573852539e-01
6.704375743865966797e-01
6.397178173065185547e-01
6.158480644226074219e-01
5.960516333580017090e-01
5.788156986236572266e-01
5.633384585380554199e-01
5.491861104965209961e-01
5.360999107360839844e-01
5.238924026489257812e-01
5.124005079269409180e-01
5.014830827713012695e-01
4.910434484481811523e-01
4.810369312763214111e-01
4.714540839195251465e-01
4.622985720634460449e-01
4.535743892192840576e-01
4.452801346778869629e-01
4.374088644981384277e-01
4.299477040767669678e-01
4.228803813457489014e-01
4.161865115165710449e-01
4.098450541496276855e-01
4.038322567939758301e-01
3.981266021728515625e-01
3.927054703235626221e-01
3.875481188297271729e-01
3.826346397399902344e-01
3.779469430446624756e-01
3.734681308269500732e-01
