1.658360862731933594e+01
1.495325660705566406e+01
1.340597248077392578e+01
1.194565200805664062e+01
1.057391071319580078e+01
9.292294502258300781e+00
8.102158546447753906e+00
7.004541873931884766e+00
6.000047683715820312e+00
5.088679313659667969e+00
4.269705295562744141e+00
3.541521072387695312e+00
2.901537179946899414e+00
2.346156358718872070e+00
1.870744585990905762e+00
1.469743490219116211e+00
1.136760354042053223e+00
8.648224472999572754e-01
6.466040611267089844e-01
4.747012555599212646e-01
3.418802022933959961e-01
2.413148134946823120e-01
1.667686402797698975e-01
1.127216219902038574e-01
7.443337887525558472e-02
4.795702919363975525e-02
3.011648729443550110e-02
1.840649917721748352e-02
1.093229092657566071e-02
6.300735753029584885e-03
3.517448902130126953e-03
1.899719238281250000e-03
9.894371032714843750e-04
4.937291378155350685e-04
2.414226619293913245e-04
1.177430167444981635e-04
5.540847996599040926e-05
5.540847996599040926e-05
5.540847996599040926e-05
5.441904067993164062e-05
5.145073009771294892e-05
4.947185516357421875e-05
4.650354458135552704e-05
4.452466964721679688e-05
4.254579471307806671e-05
3.957748413085937500e-05
3.759860919672064483e-05
3.561973790056072176e-05
3.463029861450195312e-05
3.265142368036322296e-05
