5.323513150215148926e-01
3.822480440139770508e-01
3.690645396709442139e-01
3.510344326496124268e-01
3.222734034061431885e-01
2.833018302917480469e-01
2.397161722183227539e-01
1.976921707391738892e-01
1.604824364185333252e-01
1.286828219890594482e-01
1.025452092289924622e-01
8.188714087009429932e-02
6.581388413906097412e-02
5.319627746939659119e-02
4.308471083641052246e-02
3.484323620796203613e-02
2.812912687659263611e-02
2.278545312583446503e-02
1.869372650980949402e-02
1.566422730684280396e-02
1.342728734016418457e-02
1.170278433710336685e-02
1.027201488614082336e-02
9.010169655084609985e-03
7.877313531935214996e-03
6.877314299345016479e-03
6.018342915922403336e-03
5.300107877701520920e-03
4.713575355708599091e-03
4.243069328367710114e-03
3.869739361107349396e-03
3.574526170268654823e-03
3.339754883199930191e-03
3.149773459881544113e-03
2.991060493513941765e-03
2.852112986147403717e-03
2.723357640206813812e-03
2.597324317321181297e-03
2.469265135005116463e-03
2.337878802791237831e-03
2.204857999458909035e-03
2.072747563943266869e-03
1.943301293067634106e-03
1.817468786612153053e-03
1.695761107839643955e-03
1.578383496962487698e-03
1.465250505134463310e-03
1.356068998575210571e-03
1.250478206202387810e-03
1.148211886174976826e-03
