1.015797155121158355e-06
9.844972153851883068e-03
3.702985143701287285e-02
7.862546809629922251e-02
1.317957696738289997e-01
1.938131956204438566e-01
2.620791485426252621e-01
3.341502295088503161e-01
4.077691464460855286e-01
4.808988238973057605e-01
5.517570604163246628e-01
6.188480467742785152e-01
6.809893088140803741e-01
7.373242962972916814e-01
7.873247978171917794e-01
8.307754891067276048e-01
8.677425862831711356e-01
8.985294336182505504e-01
9.236217496729750565e-01
9.436322471682991875e-01
9.592396138689309737e-01
9.711417166960565339e-01
9.800117440065605479e-01
9.864680336208131450e-01
9.910542467395977440e-01
9.942320552451668902e-01
9.963762270505327479e-01
9.977845316969116141e-01
9.986840050612819653e-01
9.992414959679649655e-01
9.995766134270525072e-01
9.997713696520946769e-01
9.998809134653505737e-01
9.999405154491434189e-01
9.999709131448639710e-01
9.999858141448534354e-01
9.999933242909264663e-01
9.999933242909264663e-01
9.999933242909264663e-01
9.999934434998216659e-01
9.999938011265498972e-01
9.999940395444042451e-01
9.999943971712390578e-01
9.999946355891644600e-01
9.999948740071182840e-01
9.999952316341023106e-01
9.999954700521271889e-01
9.999957084701804888e-01
9.999958276792177969e-01
9.999960660973137294e-01
