1.016244125366210938e+02
8.292378997802734375e+01
6.692845153808593750e+01
5.335799407958984375e+01
4.200704574584960938e+01
3.269148635864257812e+01
2.513334465026855469e+01
1.906985664367675781e+01
1.427554416656494141e+01
1.054428100585937500e+01
7.692022323608398438e+00
5.557703971862792969e+00
3.997980356216430664e+00
2.885862588882446289e+00
2.112249851226806641e+00
1.586980462074279785e+00
1.238235473632812500e+00
1.010879755020141602e+00
8.642412424087524414e-01
7.695434093475341797e-01
7.073001265525817871e-01
6.648553609848022461e-01
6.343089342117309570e-01
6.108873486518859863e-01
5.917773246765136719e-01
5.753503441810607910e-01
5.606726408004760742e-01
5.472021102905273438e-01
5.346099138259887695e-01
5.226815342903137207e-01
5.112698078155517578e-01
5.002780556678771973e-01
4.896561503410339355e-01
4.793942868709564209e-01
4.695105850696563721e-01
4.600327014923095703e-01
4.509828090667724609e-01
4.423696100711822510e-01
4.341871738433837891e-01
4.264186918735504150e-01
4.190421104431152344e-01
4.120341241359710693e-01
4.053735136985778809e-01
3.990415334701538086e-01
3.930206000804901123e-01
3.872936367988586426e-01
3.818432092666625977e-01
3.766515552997589111e-01
3.717012405395507812e-01
3.669758737087249756e-01
