9.874779498204588890e-04
9.920146316289901733e-02
1.924113035202026367e-01
2.803824841976165771e-01
3.630174696445465088e-01
4.402232468128204346e-01
5.119181871414184570e-01
5.780396461486816406e-01
6.385513544082641602e-01
6.934530735015869141e-01
7.427888512611389160e-01
7.866553664207458496e-01
8.252086043357849121e-01
8.586652874946594238e-01
8.873046040534973145e-01
9.114612936973571777e-01
9.315205216407775879e-01
9.479022622108459473e-01
9.610479474067687988e-01
9.714035391807556152e-01
9.794048070907592773e-01
9.854629635810852051e-01
9.899536967277526855e-01
9.932095408439636230e-01
9.955160617828369141e-01
9.971110224723815918e-01
9.981857538223266602e-01
9.988911747932434082e-01
9.993414282798767090e-01
9.996204376220703125e-01
9.997881054878234863e-01
9.998855590820312500e-01
9.999403953552246094e-01
9.999702572822570801e-01
9.999854564666748047e-01
9.999929070472717285e-01
9.999966621398925781e-01
9.999966621398925781e-01
9.999966621398925781e-01
9.999967217445373535e-01
9.999969005584716797e-01
9.999970197677612305e-01
9.999971985816955566e-01
9.999973177909851074e-01
9.999974370002746582e-01
9.999976158142089844e-01
9.999977350234985352e-01
9.999978542327880859e-01
9.999979138374328613e-01
9.999980330467224121e-01
