1.004869079589843750e+02
8.174053955078125000e+01
6.573817443847656250e+01
5.227788925170898438e+01
4.104419326782226562e+01
3.177689743041992188e+01
2.421460723876953125e+01
1.812288284301757812e+01
1.330017852783203125e+01
9.558125495910644531e+00
6.733824729919433594e+00
4.647119522094726562e+00
3.134558439254760742e+00
2.061268091201782227e+00
1.318815112113952637e+00
8.204094171524047852e-01
4.966509044170379639e-01
2.927251458168029785e-01
1.680046916007995605e-01
9.403594583272933960e-02
5.148753896355628967e-02
2.771636098623275757e-02
1.478143688291311264e-02
7.899262942373752594e-03
4.302748013287782669e-03
2.449169987812638283e-03
1.500840880908071995e-03
1.009790226817131042e-03
7.413681596517562866e-04
5.768922856077551842e-04
4.623259010259062052e-04
3.752976772375404835e-04
3.067486395593732595e-04
2.526714815758168697e-04
2.083788858726620674e-04
1.741014857543632388e-04
1.467951369704678655e-04
1.258849515579640865e-04
1.092040183721110225e-04
9.602178761269897223e-05
8.571065700380131602e-05
7.696061948081478477e-05
6.962816405575722456e-05
6.309707532636821270e-05
5.732930003432556987e-05
5.196568963583558798e-05
4.716110561275854707e-05
4.263560913386754692e-05
3.843199374387040734e-05
3.452608507359400392e-05
