9.709568246556252863e-07
9.840511962696751880e-03
3.702130692417782143e-02
7.861316760229275502e-02
1.317801902819724091e-01
1.937947227627114799e-01
2.620583385420651723e-01
3.341278341995099765e-01
4.077457769453793901e-01
4.808750158339449854e-01
5.517330638767816708e-01
6.188245086580081988e-01
6.809670764758415373e-01
7.373040287321295239e-01
7.873073448769254412e-01
8.307596254713303097e-01
8.677289275960085035e-01
8.985176817159299389e-01
9.236122406882465441e-01
9.436241411310710703e-01
9.592333091359392938e-01
9.711369001610279383e-01
9.800079676299446874e-01
9.864649552238837771e-01
9.910519919180984516e-01
9.942302722710252283e-01
9.963747991338465226e-01
9.977835790798259552e-01
9.986832902764639641e-01
9.992410193117393646e-01
9.995762558749312632e-01
9.997711312607862055e-01
9.998807942631628976e-01
9.999405154491434189e-01
9.999709131448639710e-01
9.999858141448534354e-01
9.999933242909264663e-01
9.999933242909264663e-01
9.999933242909264663e-01
9.999934434998216659e-01
9.999938011265498972e-01
9.999940395444042451e-01
9.999943971712390578e-01
9.999946355891644600e-01
9.999948740071182840e-01
9.999952316341023106e-01
9.999954700521271889e-01
9.999957084701804888e-01
9.999958276792177969e-01
9.999960660973137294e-01
