1.016276321411132812e+02
8.292893218994140625e+01
6.694143676757812500e+01
5.338018035888671875e+01
4.203726577758789062e+01
3.271013259887695312e+01
2.514287948608398438e+01
1.908160018920898438e+01
1.429393482208251953e+01
1.057128524780273438e+01
7.729572296142578125e+00
5.603634834289550781e+00
4.048348903656005859e+00
2.936429023742675781e+00
2.159509897232055664e+00
1.629791498184204102e+00
1.277231335639953613e+00
1.047362565994262695e+00
8.992839455604553223e-01
8.036664724349975586e-01
7.405735850334167480e-01
6.971534490585327148e-01
6.655142307281494141e-01
6.409949660301208496e-01
6.209018826484680176e-01
6.036702990531921387e-01
5.883622765541076660e-01
5.743909478187561035e-01
5.613879561424255371e-01
5.491345524787902832e-01
5.375086665153503418e-01
5.264431238174438477e-01
5.158993005752563477e-01
5.058527588844299316e-01
4.962855577468872070e-01
4.871822893619537354e-01
4.785272181034088135e-01
4.703025817871093750e-01
4.624886512756347656e-01
4.550635516643524170e-01
4.480043351650238037e-01
4.412871301174163818e-01
4.348883032798767090e-01
4.287842512130737305e-01
4.229527711868286133e-01
4.173728227615356445e-01
4.120248854160308838e-01
4.068910777568817139e-01
4.019557833671569824e-01
3.972041606903076172e-01
