9.966466572169929705e-07
9.843079738525217781e-03
3.702625573998674646e-02
7.862032048987632749e-02
1.317892565104950009e-01
1.938054285161792123e-01
2.620702996144395058e-01
3.341405822066576548e-01
4.077590982399357245e-01
4.808884077970674298e-01
5.517466116744493831e-01
6.188377312100534766e-01
6.809793730782445209e-01
7.373152884561626763e-01
7.873169704139968417e-01
8.307683178555294035e-01
8.677365897731306177e-01
8.985241226528764003e-01
9.236178544202999774e-01
9.436288889486519338e-01
9.592370452715073270e-01
9.711394846417533699e-01
9.800099738291159213e-01
9.864667312215260608e-01
9.910531786659362297e-01
9.942313420553183789e-01
9.963757510781903193e-01
9.977842935425975668e-01
9.986837667996475432e-01
9.992413768038979072e-01
9.995764942430049871e-01
9.997712504564368885e-01
9.998809134653505737e-01
9.999405154491434189e-01
9.999709131448639710e-01
9.999858141448534354e-01
9.999933242909264663e-01
9.999933242909264663e-01
9.999933242909264663e-01
9.999934434998216659e-01
9.999938011265498972e-01
9.999940395444042451e-01
9.999943971712390578e-01
9.999946355891644600e-01
9.999948740071182840e-01
9.999952316341023106e-01
9.999954700521271889e-01
9.999957084701804888e-01
9.999958276792177969e-01
9.999960660973137294e-01
