1.016228713989257812e+02
8.292255401611328125e+01
6.692017364501953125e+01
5.334090805053710938e+01
4.199131393432617188e+01
3.268281936645507812e+01
2.512760162353515625e+01
1.906356811523437500e+01
1.426547145843505859e+01
1.052939224243164062e+01
7.674131393432617188e+00
5.540523052215576172e+00
3.985239505767822266e+00
2.879254341125488281e+00
2.111480951309204102e+00
1.590742468833923340e+00
1.245143055915832520e+00
1.020014643669128418e+00
8.751788139343261719e-01
7.821514606475830078e-01
7.214838266372680664e-01
6.804277300834655762e-01
6.509812474250793457e-01
6.283466219902038574e-01
6.097742319107055664e-01
5.937470197677612305e-01
5.794422030448913574e-01
5.664008259773254395e-01
5.543484091758728027e-01
5.431056618690490723e-01
5.325461030006408691e-01
5.225750803947448730e-01
5.131182074546813965e-01
5.041145682334899902e-01
4.955123662948608398e-01
4.872685074806213379e-01
4.793489575386047363e-01
4.717303812503814697e-01
4.644000530242919922e-01
4.573527574539184570e-01
4.505858421325683594e-01
4.440949261188507080e-01
4.378726780414581299e-01
4.319096505641937256e-01
4.261939227581024170e-01
4.207149446010589600e-01
4.154598414897918701e-01
4.104146659374237061e-01
4.055631160736083984e-01
4.008844494819641113e-01
