9.771779717831450282e-07
9.841137245127085098e-03
3.702251112469046035e-02
7.861492236935774258e-02
1.317824405816736544e-01
1.937973991733565882e-01
2.620612677590408168e-01
3.341308661359256860e-01
4.077489740362274517e-01
4.808784051403200976e-01
5.517363401263288836e-01
6.188277908385977355e-01
6.809701260228848696e-01
7.373066901136873241e-01
7.873099892493797824e-01
8.307621245271299415e-01
8.677309264215615769e-01
8.985190377007370444e-01
9.236135009123245254e-01
9.436251833339071027e-01
9.592341264149730762e-01
9.711376050190665410e-01
9.800086757000059379e-01
9.864655472229202360e-01
9.910523479423751780e-01
9.942305100008184127e-01
9.963749181268646282e-01
9.977836981569367936e-01
9.986832902764639641e-01
9.992410193117393646e-01
9.995762558749312632e-01
9.997711312607862055e-01
9.998807942631628976e-01
9.999405154491434189e-01
9.999709131448639710e-01
9.999858141448534354e-01
9.999933242909264663e-01
9.999933242909264663e-01
9.999933242909264663e-01
9.999934434998216659e-01
9.999938011265498972e-01
9.999940395444042451e-01
9.999943971712390578e-01
9.999946355891644600e-01
9.999948740071182840e-01
9.999952316341023106e-01
9.999954700521271889e-01
9.999957084701804888e-01
9.999958276792177969e-01
9.999960660973137294e-01
