1.016180572509765625e+02
8.292393493652343750e+01
6.693824005126953125e+01
5.337212753295898438e+01
4.201847076416015625e+01
3.269503021240234375e+01
2.513479042053222656e+01
1.907511901855468750e+01
1.428923702239990234e+01
1.056967735290527344e+01
7.727202892303466797e+00
5.596326351165771484e+00
4.036755084991455078e+00
2.923098564147949219e+00
2.146261692047119141e+00
1.616758108139038086e+00
1.263862609863281250e+00
1.033200025558471680e+00
8.842658996582031250e-01
7.880921363830566406e-01
7.248515486717224121e-01
6.815798878669738770e-01
6.501760482788085938e-01
6.257988214492797852e-01
6.056767702102661133e-01
5.882717967033386230e-01
5.727323293685913086e-01
5.585632920265197754e-01
5.454515218734741211e-01
5.331803560256958008e-01
5.215926766395568848e-01
5.105760097503662109e-01
5.000542402267456055e-01
4.899810850620269775e-01
4.803327620029449463e-01
4.710996150970458984e-01
4.622778594493865967e-01
4.538627564907073975e-01
4.458458125591278076e-01
4.382141232490539551e-01
4.309513568878173828e-01
4.240396916866302490e-01
4.174602329730987549e-01
4.111939072608947754e-01
4.052219688892364502e-01
3.995257616043090820e-01
3.940874636173248291e-01
3.888894915580749512e-01
3.839157819747924805e-01
3.791508972644805908e-01
