1.998004760742187500e+02
1.801576843261718750e+02
1.615157318115234375e+02
1.439215240478515625e+02
1.273945541381835938e+02
1.119534454345703125e+02
9.761452484130859375e+01
8.439032745361328125e+01
7.228807067871093750e+01
6.130787277221679688e+01
5.144081115722656250e+01
4.266761398315429688e+01
3.495713424682617188e+01
2.826595306396484375e+01
2.253830337524414062e+01
1.770706176757812500e+01
1.369528770446777344e+01
1.041901111602783203e+01
7.789957523345947266e+00
5.718886852264404297e+00
4.118716716766357422e+00
2.907192707061767578e+00
2.009105682373046875e+00
1.357948780059814453e+00
8.967041969299316406e-01
5.777120590209960938e-01
3.627657890319824219e-01
2.216935157775878906e-01
1.316666603088378906e-01
7.587671279907226562e-02
4.235506057739257812e-02
2.287626266479492188e-02
1.190900802612304688e-02
5.948543548583984375e-03
2.908706665039062500e-03
1.418590545654296875e-03
6.675720214843750000e-04
6.675720214843750000e-04
6.675720214843750000e-04
6.556510925292968750e-04
6.198883056640625000e-04
5.960464477539062500e-04
5.602836608886718750e-04
5.364418029785156250e-04
5.125999450683593750e-04
4.768371582031250000e-04
4.529953002929687500e-04
4.291534423828125000e-04
4.172325134277343750e-04
3.933906555175781250e-04
