9.976082947105169296e-04
9.921158105134963989e-02
1.924213618040084839e-01
2.803924381732940674e-01
3.630271852016448975e-01
4.402327239513397217e-01
5.119273662567138672e-01
5.780483484268188477e-01
6.385596394538879395e-01
6.934606432914733887e-01
7.427959442138671875e-01
7.866619229316711426e-01
8.252143263816833496e-01
8.586702346801757812e-01
8.873084783554077148e-01
9.114646911621093750e-01
9.315235614776611328e-01
9.479049444198608398e-01
9.610502123832702637e-01
9.714055657386779785e-01
9.794064164161682129e-01
9.854640364646911621e-01
9.899544715881347656e-01
9.932102560997009277e-01
9.955164790153503418e-01
9.971114397048950195e-01
9.981861710548400879e-01
9.988915324211120605e-01
9.993416666984558105e-01
9.996206164360046387e-01
9.997882246971130371e-01
9.998856186866760254e-01
9.999404549598693848e-01
9.999702572822570801e-01
9.999854564666748047e-01
9.999929070472717285e-01
9.999966621398925781e-01
9.999966621398925781e-01
9.999966621398925781e-01
9.999967217445373535e-01
9.999969005584716797e-01
9.999970197677612305e-01
9.999971985816955566e-01
9.999973177909851074e-01
9.999974370002746582e-01
9.999976158142089844e-01
9.999977350234985352e-01
9.999978542327880859e-01
9.999979138374328613e-01
9.999980330467224121e-01
