1.004384994506835938e+02
8.171009826660156250e+01
6.573830413818359375e+01
5.227598190307617188e+01
4.102190780639648438e+01
3.169307708740234375e+01
2.407320213317871094e+01
1.797901916503906250e+01
1.319598484039306641e+01
9.498085975646972656e+00
6.689225673675537109e+00
4.603942394256591797e+00
3.093466520309448242e+00
2.026142597198486328e+00
1.291293740272521973e+00
7.995455265045166016e-01
4.802997410297393799e-01
2.795231938362121582e-01
1.573569476604461670e-01
8.554831892251968384e-02
4.487370699644088745e-02
2.273991703987121582e-02
1.120100542902946472e-02
5.441036541014909744e-03
2.682530554011464119e-03
1.398732885718345642e-03
8.088033064268529415e-04
5.328986444510519505e-04
3.947062650695443153e-04
3.155123267788439989e-04
2.619497536215931177e-04
2.204310876550152898e-04
1.861650380305945873e-04
1.568838924868032336e-04
1.326975907431915402e-04
1.102220849134027958e-04
9.209170093527063727e-05
7.726205512881278992e-05
6.503354961751028895e-05
5.529101690626703203e-05
4.740459917229600251e-05
4.125899067730642855e-05
3.634989116108044982e-05
3.249380824854597449e-05
2.943041545222513378e-05
2.698098251130431890e-05
2.499622314644511789e-05
2.332124313397798687e-05
2.193810905737336725e-05
2.170521474909037352e-05
