9.989489335566759109e-04
9.921292960643768311e-02
1.924226731061935425e-01
2.803937196731567383e-01
3.630284667015075684e-01
4.402339458465576172e-01
5.119286179542541504e-01
5.780494809150695801e-01
6.385606527328491211e-01
6.934616565704345703e-01
7.427968382835388184e-01
7.866626977920532227e-01
8.252149820327758789e-01
8.586708903312683105e-01
8.873090147972106934e-01
9.114651083946228027e-01
9.315239191055297852e-01
9.479052424430847168e-01
9.610505104064941406e-01
9.714056849479675293e-01
9.794065356254577637e-01
9.854641556739807129e-01
9.899545311927795410e-01
9.932103157043457031e-01
9.955165386199951172e-01
9.971114993095397949e-01
9.981862306594848633e-01
9.988915324211120605e-01
9.993416666984558105e-01
9.996206164360046387e-01
9.997882246971130371e-01
9.998856186866760254e-01
9.999404549598693848e-01
9.999702572822570801e-01
9.999854564666748047e-01
9.999929070472717285e-01
9.999966621398925781e-01
9.999966621398925781e-01
9.999966621398925781e-01
9.999967217445373535e-01
9.999969005584716797e-01
9.999970197677612305e-01
9.999971985816955566e-01
9.999973177909851074e-01
9.999974370002746582e-01
9.999976158142089844e-01
9.999977350234985352e-01
9.999978542327880859e-01
9.999979138374328613e-01
9.999980330467224121e-01
