1.005667419433593750e+02
8.178979492187500000e+01
6.574122619628906250e+01
5.228055953979492188e+01
4.104380035400390625e+01
3.177671623229980469e+01
2.422741508483886719e+01
1.815975570678710938e+01
1.335027790069580078e+01
9.612848281860351562e+00
6.780002117156982422e+00
4.672956466674804688e+00
3.141374111175537109e+00
2.057095289230346680e+00
1.312257647514343262e+00
8.159876465797424316e-01
4.947292506694793701e-01
2.927200198173522949e-01
1.695953756570816040e-01
9.684298187494277954e-02
5.508293583989143372e-02
3.175059705972671509e-02
1.896621286869049072e-02
1.201602816581726074e-02
8.199613541364669800e-03
6.024573929607868195e-03
4.708983935415744781e-03
3.877321956679224968e-03
3.337159752845764160e-03
2.960478654131293297e-03
2.657369244843721390e-03
2.356170210987329483e-03
2.020464511588215828e-03
1.693755504675209522e-03
1.398032996803522110e-03
1.146234222687780857e-03
9.405294549651443958e-04
7.727380143478512764e-04
6.327831652015447617e-04
5.152435624040663242e-04
4.177367954980581999e-04
3.383249277248978615e-04
2.748777333181351423e-04
2.253186976304277778e-04
1.871299900813028216e-04
1.582846743986010551e-04
1.374369894620031118e-04
1.204958025482483208e-04
1.085172771126963198e-04
9.939201117958873510e-05
