9.978989718540201038e-07
9.843205401091958962e-03
3.702648512533301961e-02
7.862063803214880409e-02
1.317896676356475893e-01
1.938059270756298247e-01
2.620709098805527049e-01
3.341412023861813907e-01
4.077597072186023297e-01
4.808890691334113399e-01
5.517471429640217195e-01
6.188382000974712582e-01
6.809797665713546166e-01
7.373156979022930102e-01
7.873172877403966652e-01
8.307686438208214952e-01
8.677368118657255991e-01
8.985243486510832156e-01
9.236180835525829025e-01
9.436290047492299493e-01
9.592371620258610676e-01
9.711396021182316929e-01
9.800099738291159213e-01
9.864667312215260608e-01
9.910531786659362297e-01
9.942313420553183789e-01
9.963757510781903193e-01
9.977842935425975668e-01
9.986837667996475432e-01
9.992413768038979072e-01
9.995764942430049871e-01
9.997712504564368885e-01
9.998809134653505737e-01
9.999405154491434189e-01
9.999709131448639710e-01
9.999858141448534354e-01
9.999933242909264663e-01
9.999933242909264663e-01
9.999933242909264663e-01
9.999934434998216659e-01
9.999938011265498972e-01
9.999940395444042451e-01
9.999943971712390578e-01
9.999946355891644600e-01
9.999948740071182840e-01
9.999952316341023106e-01
9.999954700521271889e-01
9.999957084701804888e-01
9.999958276792177969e-01
9.999960660973137294e-01
