1.998002014160156250e+02
1.801574096679687500e+02
1.615154571533203125e+02
1.439212493896484375e+02
1.273943099975585938e+02
1.119532089233398438e+02
9.761427307128906250e+01
8.439010620117187500e+01
7.228787231445312500e+01
6.130767059326171875e+01
5.144063186645507812e+01
4.266746139526367188e+01
3.495700454711914062e+01
2.826582145690917969e+01
2.253819656372070312e+01
1.770697784423828125e+01
1.369521617889404297e+01
1.041895103454589844e+01
7.789897918701171875e+00
5.718863010406494141e+00
4.118692874908447266e+00
2.907168865203857422e+00
2.009093761444091797e+00
1.357936859130859375e+00
8.966922760009765625e-01
5.777001380920410156e-01
3.627538681030273438e-01
2.216935157775878906e-01
1.316666603088378906e-01
7.587671279907226562e-02
4.235506057739257812e-02
2.287626266479492188e-02
1.190900802612304688e-02
5.948543548583984375e-03
2.908706665039062500e-03
1.418590545654296875e-03
6.675720214843750000e-04
6.675720214843750000e-04
6.675720214843750000e-04
6.556510925292968750e-04
6.198883056640625000e-04
5.960464477539062500e-04
5.602836608886718750e-04
5.364418029785156250e-04
5.125999450683593750e-04
4.768371582031250000e-04
4.529953002929687500e-04
4.291534423828125000e-04
4.172325134277343750e-04
3.933906555175781250e-04
