1.016194610595703125e+02
8.292308044433593750e+01
6.692852020263671875e+01
5.335720062255859375e+01
4.200605773925781250e+01
3.268465042114257812e+01
2.512677574157714844e+01
1.906686973571777344e+01
1.427130889892578125e+01
1.053529739379882812e+01
7.678370952606201172e+00
5.541024684906005859e+00
3.980085134506225586e+00
2.867734909057617188e+00
2.094372749328613281e+00
1.569807291030883789e+00
1.222315073013305664e+00
9.968027472496032715e-01
8.524747490882873535e-01
7.602950930595397949e-01
7.004187107086181641e-01
6.598650217056274414e-01
6.305344700813293457e-01
6.076275706291198730e-01
5.884460210800170898e-01
5.715458393096923828e-01
5.561879873275756836e-01
5.420003533363342285e-01
5.287905335426330566e-01
5.164468288421630859e-01
5.048913955688476562e-01
4.940608143806457520e-01
4.838979840278625488e-01
4.743506908416748047e-01
4.653707146644592285e-01
4.569138288497924805e-01
4.489401578903198242e-01
4.414133131504058838e-01
4.343002140522003174e-01
4.275706410408020020e-01
4.211966395378112793e-01
4.151526987552642822e-01
4.094147384166717529e-01
4.039604961872100830e-01
3.987687826156616211e-01
3.938199579715728760e-01
3.890955448150634766e-01
3.845785856246948242e-01
3.802530765533447266e-01
3.761046230792999268e-01
