1.997984313964843750e+02
1.801556396484375000e+02
1.615137023925781250e+02
1.439195404052734375e+02
1.273926239013671875e+02
1.119515686035156250e+02
9.761267089843750000e+01
8.438854217529296875e+01
7.228639221191406250e+01
6.130626296997070312e+01
5.143929672241210938e+01
4.266621017456054688e+01
3.495584869384765625e+01
2.826482009887695312e+01
2.253734970092773438e+01
1.770622634887695312e+01
1.369459629058837891e+01
1.041841506958007812e+01
7.789516448974609375e+00
5.718529224395751953e+00
4.118442535400390625e+00
2.906954288482666016e+00
2.008914947509765625e+00
1.357805728912353516e+00
8.965849876403808594e-01
5.776286125183105469e-01
3.627061843872070312e-01
2.216696739196777344e-01
1.316428184509277344e-01
7.586479187011718750e-02
4.234313964843750000e-02
2.286434173583984375e-02
1.190900802612304688e-02
5.948543548583984375e-03
2.908706665039062500e-03
1.418590545654296875e-03
6.675720214843750000e-04
6.675720214843750000e-04
6.675720214843750000e-04
6.556510925292968750e-04
6.198883056640625000e-04
5.960464477539062500e-04
5.602836608886718750e-04
5.364418029785156250e-04
5.125999450683593750e-04
4.768371582031250000e-04
4.529953002929687500e-04
4.291534423828125000e-04
4.172325134277343750e-04
3.933906555175781250e-04
