1.007867627777159214e-03
9.922183305025100708e-02
1.924314200878143311e-01
2.804023325443267822e-01
3.630368709564208984e-01
4.402422010898590088e-01
5.119366645812988281e-01
5.780572891235351562e-01
6.385680437088012695e-01
6.934686899185180664e-01
7.428035140037536621e-01
7.866689562797546387e-01
8.252207636833190918e-01
8.586758971214294434e-01
8.873132467269897461e-01
9.114688634872436523e-01
9.315270185470581055e-01
9.479079246520996094e-01
9.610524177551269531e-01
9.714073538780212402e-01
9.794077873229980469e-01
9.854652285575866699e-01
9.899554252624511719e-01
9.932109713554382324e-01
9.955170750617980957e-01
9.971118569374084473e-01
9.981864690780639648e-01
9.988916516304016113e-01
9.993417859077453613e-01
9.996206760406494141e-01
9.997882843017578125e-01
9.998856782913208008e-01
9.999404549598693848e-01
9.999702572822570801e-01
9.999854564666748047e-01
9.999929070472717285e-01
9.999966621398925781e-01
9.999966621398925781e-01
9.999966621398925781e-01
9.999967217445373535e-01
9.999969005584716797e-01
9.999970197677612305e-01
9.999971985816955566e-01
9.999973177909851074e-01
9.999974370002746582e-01
9.999976158142089844e-01
9.999977350234985352e-01
9.999978542327880859e-01
9.999979138374328613e-01
9.999980330467224121e-01
