1.003981094360351562e+02
8.168698120117187500e+01
6.572439575195312500e+01
5.224031829833984375e+01
4.094160461425781250e+01
3.158354377746582031e+01
2.398781394958496094e+01
1.793686676025390625e+01
1.317432022094726562e+01
9.487957000732421875e+00
6.690756797790527344e+00
4.613162994384765625e+00
3.105671405792236328e+00
2.039024829864501953e+00
1.304271459579467773e+00
8.122011423110961914e-01
4.899272918701171875e-01
2.764023840427398682e-01
1.552575528621673584e-01
8.468654006719589233e-02
4.493670538067817688e-02
2.339633740484714508e-02
1.217503380030393600e-02
6.553322076797485352e-03
3.837037133052945137e-03
2.559100277721881866e-03
1.960443798452615738e-03
1.667376840487122536e-03
1.505939406342804432e-03
1.399635686539113522e-03
1.316744252108037472e-03
1.244489918462932110e-03
1.178608625195920467e-03
1.116605824790894985e-03
1.058201538398861885e-03
1.002689939923584461e-03
9.497400606051087379e-04
8.990902570076286793e-04
8.506924496032297611e-04
8.046109578572213650e-04
7.607635925523936749e-04
7.195956422947347164e-04
6.808019825257360935e-04
6.448820349760353565e-04
6.118408055044710636e-04
5.818678182549774647e-04
5.542477592825889587e-04
5.296855815686285496e-04
5.076656234450638294e-04
4.880784545093774796e-04
