9.814216279161299067e-07
9.841560024173079402e-03
3.702332540470720801e-02
7.861609222494791993e-02
1.317839119418664495e-01
1.937991047388010202e-01
2.620632205794528602e-01
3.341330022812059042e-01
4.077511054370894783e-01
4.808805544627468009e-01
5.517384652663714917e-01
6.188298539279948329e-01
6.809720934762140132e-01
7.373085326114257043e-01
7.873112585497352711e-01
8.307632110743021769e-01
8.677318147892130185e-01
8.985199416911768822e-01
9.236143028735490645e-01
9.436258781361175352e-01
9.592345934317201284e-01
9.711380749245677180e-01
9.800091477468555468e-01
9.864660208222773008e-01
9.910525852919285228e-01
9.942307477306400187e-01
9.963751561129221557e-01
9.977839363111797866e-01
9.986834094072492007e-01
9.992410193117393646e-01
9.995762558749312632e-01
9.997711312607862055e-01
9.998807942631628976e-01
9.999405154491434189e-01
9.999709131448639710e-01
9.999858141448534354e-01
9.999933242909264663e-01
9.999933242909264663e-01
9.999933242909264663e-01
9.999934434998216659e-01
9.999938011265498972e-01
9.999940395444042451e-01
9.999943971712390578e-01
9.999946355891644600e-01
9.999948740071182840e-01
9.999952316341023106e-01
9.999954700521271889e-01
9.999957084701804888e-01
9.999958276792177969e-01
9.999960660973137294e-01
