1.998018646240234375e+02
1.801590728759765625e+02
1.615171051025390625e+02
1.439228820800781250e+02
1.273958892822265625e+02
1.119547576904296875e+02
9.761577606201171875e+01
8.439152526855468750e+01
7.228921508789062500e+01
6.130889511108398438e+01
5.144179916381835938e+01
4.266852188110351562e+01
3.495793151855468750e+01
2.826665687561035156e+01
2.253887557983398438e+01
1.770757484436035156e+01
1.369575309753417969e+01
1.041941642761230469e+01
7.790291309356689453e+00
5.719184875488281250e+00
4.118955135345458984e+00
2.907323837280273438e+00
2.009177207946777344e+00
1.358008384704589844e+00
8.967518806457519531e-01
5.777597427368164062e-01
3.628134727478027344e-01
2.217292785644531250e-01
1.317024230957031250e-01
7.591247558593750000e-02
4.237890243530273438e-02
2.288818359375000000e-02
1.192092895507812500e-02
5.948543548583984375e-03
2.908706665039062500e-03
1.418590545654296875e-03
6.675720214843750000e-04
6.675720214843750000e-04
6.675720214843750000e-04
6.556510925292968750e-04
6.198883056640625000e-04
5.960464477539062500e-04
5.602836608886718750e-04
5.364418029785156250e-04
5.125999450683593750e-04
4.768371582031250000e-04
4.529953002929687500e-04
4.291534423828125000e-04
4.172325134277343750e-04
3.933906555175781250e-04
