1.016250686645507812e+02
8.292448425292968750e+01
6.692932128906250000e+01
5.335626602172851562e+01
4.202401351928710938e+01
3.271215057373046875e+01
2.514509201049804688e+01
1.907906913757324219e+01
1.429187488555908203e+01
1.057652950286865234e+01
7.744225025177001953e+00
5.624996185302734375e+00
4.069772243499755859e+00
2.954977989196777344e+00
2.175822496414184570e+00
1.644504308700561523e+00
1.290547966957092285e+00
1.059389710426330566e+00
9.102905392646789551e-01
8.140884637832641602e-01
7.508829236030578613e-01
7.077672481536865234e-01
6.767369508743286133e-01
6.529721617698669434e-01
6.336236596107482910e-01
6.170377135276794434e-01
6.022752523422241211e-01
5.888058543205261230e-01
5.763222575187683105e-01
5.646319985389709473e-01
5.535999536514282227e-01
5.431184768676757812e-01
5.330947637557983398e-01
5.234457254409790039e-01
5.140978097915649414e-01
5.049886703491210938e-01
4.960702657699584961e-01
4.873133003711700439e-01
4.787162840366363525e-01
4.703133106231689453e-01
4.621704220771789551e-01
4.543604254722595215e-01
4.469313621520996094e-01
4.398945569992065430e-01
4.332341551780700684e-01
4.269197583198547363e-01
4.209164679050445557e-01
4.151903092861175537e-01
4.097115695476531982e-01
4.044555127620697021e-01
