1.010636216960847378e-03
9.922459721565246582e-02
1.924341768026351929e-01
2.804050445556640625e-01
3.630395233631134033e-01
4.402448236942291260e-01
5.119391679763793945e-01
5.780597329139709473e-01
6.385704278945922852e-01
6.934709548950195312e-01
7.428054809570312500e-01
7.866707444190979004e-01
8.252223730087280273e-01
8.586772084236145020e-01
8.873143792152404785e-01
9.114698171615600586e-01
9.315277934074401855e-01
9.479086995124816895e-01
9.610530138015747070e-01
9.714077711105346680e-01
9.794080853462219238e-01
9.854654669761657715e-01
9.899555444717407227e-01
9.932110905647277832e-01
9.955171346664428711e-01
9.971118569374084473e-01
9.981864690780639648e-01
9.988917112350463867e-01
9.993417859077453613e-01
9.996206760406494141e-01
9.997882843017578125e-01
9.998856782913208008e-01
9.999404549598693848e-01
9.999702572822570801e-01
9.999854564666748047e-01
9.999929070472717285e-01
9.999966621398925781e-01
9.999966621398925781e-01
9.999966621398925781e-01
9.999967217445373535e-01
9.999969005584716797e-01
9.999970197677612305e-01
9.999971985816955566e-01
9.999973177909851074e-01
9.999974370002746582e-01
9.999976158142089844e-01
9.999977350234985352e-01
9.999978542327880859e-01
9.999979138374328613e-01
9.999980330467224121e-01
