1.997978668212890625e+02
1.801550903320312500e+02
1.615131683349609375e+02
1.439189910888671875e+02
1.273921051025390625e+02
1.119510421752929688e+02
9.761216735839843750e+01
8.438805389404296875e+01
7.228591156005859375e+01
6.130580902099609375e+01
5.143890380859375000e+01
4.266585159301757812e+01
3.495552444458007812e+01
2.826455879211425781e+01
2.253712463378906250e+01
1.770603561401367188e+01
1.369444084167480469e+01
1.041826057434082031e+01
7.789397239685058594e+00
5.718445777893066406e+00
4.118382930755615234e+00
2.906906604766845703e+00
2.008891105651855469e+00
1.357781887054443359e+00
8.965730667114257812e-01
5.776286125183105469e-01
3.627061843872070312e-01
2.216577529907226562e-01
1.316428184509277344e-01
7.586479187011718750e-02
4.234313964843750000e-02
2.286434173583984375e-02
1.190900802612304688e-02
5.948543548583984375e-03
2.908706665039062500e-03
1.418590545654296875e-03
6.675720214843750000e-04
6.675720214843750000e-04
6.675720214843750000e-04
6.556510925292968750e-04
6.198883056640625000e-04
5.960464477539062500e-04
5.602836608886718750e-04
5.364418029785156250e-04
5.125999450683593750e-04
4.768371582031250000e-04
4.529953002929687500e-04
4.291534423828125000e-04
4.172325134277343750e-04
3.933906555175781250e-04
