1.004772872924804688e+02
8.172978210449218750e+01
6.573567199707031250e+01
5.227689361572265625e+01
4.103865432739257812e+01
3.175904464721679688e+01
2.418249702453613281e+01
1.808209228515625000e+01
1.326223278045654297e+01
9.529695510864257812e+00
6.705794811248779297e+00
4.615216732025146484e+00
3.101806640625000000e+00
2.032737493515014648e+00
1.297202348709106445e+00
8.050639629364013672e-01
4.854984879493713379e-01
2.844290137290954590e-01
1.619564592838287354e-01
8.974761515855789185e-02
4.858111217617988586e-02
2.591899968683719635e-02
1.387305557727813721e-02
7.677551824599504471e-03
4.568211268633604050e-03
3.016280243173241615e-03
2.215785440057516098e-03
1.762302708812057972e-03
1.465124776586890221e-03
1.239480683580040932e-03
1.049334299750626087e-03
8.790841093286871910e-04
7.311347872018814087e-04
6.084049819037318230e-04
5.078277899883687496e-04
4.256207321304827929e-04
3.582545614335685968e-04
3.028990468010306358e-04
2.578418934717774391e-04
2.207289799116551876e-04
1.911070139613002539e-04
1.683725859038531780e-04
1.489400892751291394e-04
1.343513577012345195e-04
1.230724301422014832e-04
1.141825778177008033e-04
1.068694182322360575e-04
1.007377868518233299e-04
9.553131530992686749e-05
9.093542030313983560e-05
