9.983219206333160400e-04
9.921229630708694458e-02
1.924220770597457886e-01
2.803931534290313721e-01
3.630279004573822021e-01
4.402333796024322510e-01
5.119280219078063965e-01
5.780489444732666016e-01
6.385601758956909180e-01
6.934611797332763672e-01
7.427964806556701660e-01
7.866623997688293457e-01
8.252147436141967773e-01
8.586706519126892090e-01
8.873088359832763672e-01
9.114649295806884766e-01
9.315237998962402344e-01
9.479051232337951660e-01
9.610503911972045898e-01
9.714056253433227539e-01
9.794064760208129883e-01
9.854640960693359375e-01
9.899545311927795410e-01
9.932103157043457031e-01
9.955165386199951172e-01
9.971114993095397949e-01
9.981862306594848633e-01
9.988915324211120605e-01
9.993416666984558105e-01
9.996206164360046387e-01
9.997882246971130371e-01
9.998856186866760254e-01
9.999404549598693848e-01
9.999702572822570801e-01
9.999854564666748047e-01
9.999929070472717285e-01
9.999966621398925781e-01
9.999966621398925781e-01
9.999966621398925781e-01
9.999967217445373535e-01
9.999969005584716797e-01
9.999970197677612305e-01
9.999971985816955566e-01
9.999973177909851074e-01
9.999974370002746582e-01
9.999976158142089844e-01
9.999977350234985352e-01
9.999978542327880859e-01
9.999979138374328613e-01
9.999980330467224121e-01
