1.998003387451171875e+02
1.801575469970703125e+02
1.615155792236328125e+02
1.439213714599609375e+02
1.273944168090820312e+02
1.119533309936523438e+02
9.761439514160156250e+01
8.439021301269531250e+01
7.228796386718750000e+01
6.130776214599609375e+01
5.144070434570312500e+01
4.266751861572265625e+01
3.495705032348632812e+01
2.826586914062500000e+01
2.253823280334472656e+01
1.770701408386230469e+01
1.369524002075195312e+01
1.041897583007812500e+01
7.789921760559082031e+00
5.718874931335449219e+00
4.118704795837402344e+00
2.907180786132812500e+00
2.009093761444091797e+00
1.357936859130859375e+00
8.966922760009765625e-01
5.777001380920410156e-01
3.627538681030273438e-01
2.216935157775878906e-01
1.316666603088378906e-01
7.587671279907226562e-02
4.235506057739257812e-02
2.287626266479492188e-02
1.190900802612304688e-02
5.948543548583984375e-03
2.908706665039062500e-03
1.418590545654296875e-03
6.675720214843750000e-04
6.675720214843750000e-04
6.675720214843750000e-04
6.556510925292968750e-04
6.198883056640625000e-04
5.960464477539062500e-04
5.602836608886718750e-04
5.364418029785156250e-04
5.125999450683593750e-04
4.768371582031250000e-04
4.529953002929687500e-04
4.291534423828125000e-04
4.172325134277343750e-04
3.933906555175781250e-04
