1.003728332519531250e+02
8.168621826171875000e+01
6.572753906250000000e+01
5.223071289062500000e+01
4.091578292846679688e+01
3.156766319274902344e+01
2.399135017395019531e+01
1.794715309143066406e+01
1.318543338775634766e+01
9.499401092529296875e+00
6.701923847198486328e+00
4.623568534851074219e+00
3.114184141159057617e+00
2.037803173065185547e+00
1.287216186523437500e+00
7.940472960472106934e-01
4.757458865642547607e-01
2.761434316635131836e-01
1.551217883825302124e-01
8.434554934501647949e-02
4.448802769184112549e-02
2.290528267621994019e-02
1.167754642665386200e-02
6.067994982004165649e-03
3.373401472344994545e-03
2.121885074302554131e-03
1.551791094243526459e-03
1.287583261728286743e-03
1.154294586740434170e-03
1.074753818102180958e-03
1.016737543977797031e-03
9.675670880824327469e-04
9.225904359482228756e-04
8.801441290415823460e-04
8.392892195843160152e-04
8.002894464880228043e-04
7.627455634064972401e-04
7.272753864526748657e-04
6.924103363417088985e-04
6.598926847800612450e-04
6.283250404521822929e-04
5.986777832731604576e-04
5.705493967980146408e-04
5.445900023914873600e-04
5.190030788071453571e-04
4.954989417456090450e-04
4.734201356768608093e-04
4.527374694589525461e-04
4.333229153417050838e-04
4.151242028456181288e-04
