9.994045831263065338e-04
9.921337664127349854e-02
1.924231052398681641e-01
2.803941667079925537e-01
3.630288839340209961e-01
4.402343332767486572e-01
5.119289755821228027e-01
5.780498385429382324e-01
6.385610103607177734e-01
6.934620141983032227e-01
7.427971959114074707e-01
7.866630554199218750e-01
8.252153396606445312e-01
8.586711883544921875e-01
8.873093128204345703e-01
9.114654064178466797e-01
9.315241575241088867e-01
9.479053616523742676e-01
9.610506296157836914e-01
9.714058041572570801e-01
9.794066548347473145e-01
9.854642748832702637e-01
9.899546504020690918e-01
9.932104349136352539e-01
9.955166578292846680e-01
9.971115589141845703e-01
9.981862902641296387e-01
9.988915920257568359e-01
9.993417263031005859e-01
9.996206760406494141e-01
9.997882843017578125e-01
9.998856782913208008e-01
9.999404549598693848e-01
9.999702572822570801e-01
9.999854564666748047e-01
9.999929070472717285e-01
9.999966621398925781e-01
9.999966621398925781e-01
9.999966621398925781e-01
9.999967217445373535e-01
9.999969005584716797e-01
9.999970197677612305e-01
9.999971985816955566e-01
9.999973177909851074e-01
9.999974370002746582e-01
9.999976158142089844e-01
9.999977350234985352e-01
9.999978542327880859e-01
9.999979138374328613e-01
9.999980330467224121e-01
