1.003776855468750000e+02
8.168521881103515625e+01
6.572652435302734375e+01
5.223170471191406250e+01
4.092214202880859375e+01
3.157346916198730469e+01
2.398231697082519531e+01
1.791496658325195312e+01
1.314463901519775391e+01
9.458229064941406250e+00
6.663808345794677734e+00
4.589933872222900391e+00
3.086057424545288086e+00
2.022548437118530273e+00
1.290452003479003906e+00
8.007496595382690430e-01
4.829749464988708496e-01
2.832446098327636719e-01
1.618253141641616821e-01
9.053120017051696777e-02
5.012680590152740479e-02
2.801452018320560455e-02
1.630839891731739044e-02
1.028734631836414337e-02
7.247148081660270691e-03
5.707351490855216980e-03
4.899182822555303574e-03
4.444731865078210831e-03
4.162058234214782715e-03
3.955336287617683411e-03
3.763254266232252121e-03
3.555075032636523247e-03
3.335462650284171104e-03
3.101785434409976006e-03
2.843858906999230385e-03
2.541949506849050522e-03
2.155566820874810219e-03
1.578543335199356079e-03
7.610715692862868309e-04
3.505334607325494289e-04
1.993192854570224881e-04
1.340193266514688730e-04
1.017923204926773906e-04
8.430907473666593432e-05
7.377081055892631412e-05
6.694069452350959182e-05
6.222241790965199471e-05
5.861672252649441361e-05
5.872645488125272095e-05
5.333732042345218360e-05
