1.021385563032932973e-06
9.845520692608467073e-03
3.703091240170786058e-02
7.862698901226394810e-02
1.317976955237165626e-01
1.938155047895628869e-01
2.620817117083475978e-01
3.341530548165714265e-01
4.077721913814826848e-01
4.809019652830102132e-01
5.517599825398065150e-01
6.188508601248976504e-01
6.809919649141562559e-01
7.373265482661714998e-01
7.873268075621275841e-01
8.307772275965277231e-01
8.677440298905345628e-01
8.985309026114443043e-01
9.236228953370897443e-01
9.436330577739369119e-01
9.592401976415523279e-01
9.711421866025524707e-01
9.800119800303406237e-01
9.864682704207758945e-01
9.910543654144845505e-01
9.942320552451668902e-01
9.963762270505327479e-01
9.977846507740792958e-01
9.986840050612819653e-01
9.992414959679649655e-01
9.995766134270525072e-01
9.997713696520946769e-01
9.998809134653505737e-01
9.999405154491434189e-01
9.999709131448639710e-01
9.999858141448534354e-01
9.999933242909264663e-01
9.999933242909264663e-01
9.999933242909264663e-01
9.999934434998216659e-01
9.999938011265498972e-01
9.999940395444042451e-01
9.999943971712390578e-01
9.999946355891644600e-01
9.999948740071182840e-01
9.999952316341023106e-01
9.999954700521271889e-01
9.999957084701804888e-01
9.999958276792177969e-01
9.999960660973137294e-01
