1.016231460571289062e+02
8.292425537109375000e+01
6.693943786621093750e+01
5.338285827636718750e+01
4.201917266845703125e+01
3.268750000000000000e+01
2.513401412963867188e+01
1.908177185058593750e+01
1.430303382873535156e+01
1.059165096282958984e+01
7.758804321289062500e+00
5.629236698150634766e+00
4.062723636627197266e+00
2.943792343139648438e+00
2.165303707122802734e+00
1.637245655059814453e+00
1.287658572196960449e+00
1.061022877693176270e+00
9.161680340766906738e-01
8.238189220428466797e-01
7.640144228935241699e-01
7.236350178718566895e-01
6.943444013595581055e-01
6.709951758384704590e-01
6.505419015884399414e-01
6.314392685890197754e-01
6.132513284683227539e-01
5.960612893104553223e-01
5.799456834793090820e-01
5.648384690284729004e-01
5.505838394165039062e-01
5.370018482208251953e-01
5.239441990852355957e-01
5.113381147384643555e-01
4.991982579231262207e-01
4.875926673412322998e-01
4.765907824039459229e-01
4.662305414676666260e-01
4.565142691135406494e-01
4.474189579486846924e-01
4.389083683490753174e-01
4.309412837028503418e-01
4.234755635261535645e-01
4.164706766605377197e-01
4.098882675170898438e-01
4.036924540996551514e-01
3.978498578071594238e-01
3.923290967941284180e-01
3.871012926101684570e-01
3.821395039558410645e-01
