1.998029174804687500e+02
1.801601257324218750e+02
1.615181579589843750e+02
1.439239196777343750e+02
1.273969192504882812e+02
1.119557647705078125e+02
9.761672973632812500e+01
8.439241790771484375e+01
7.229005432128906250e+01
6.130969619750976562e+01
5.144252777099609375e+01
4.266920089721679688e+01
3.495854187011718750e+01
2.826718139648437500e+01
2.253931808471679688e+01
1.770796775817871094e+01
1.369606208801269531e+01
1.041965484619140625e+01
7.790505886077880859e+00
5.719363689422607422e+00
4.119086265563964844e+00
2.907443046569824219e+00
2.009296417236328125e+00
1.358115673065185547e+00
8.968114852905273438e-01
5.778074264526367188e-01
3.628492355346679688e-01
2.217650413513183594e-01
1.317143440246582031e-01
7.591247558593750000e-02
4.237890243530273438e-02
2.288818359375000000e-02
1.192092895507812500e-02
5.948543548583984375e-03
2.908706665039062500e-03
1.418590545654296875e-03
6.675720214843750000e-04
6.675720214843750000e-04
6.675720214843750000e-04
6.556510925292968750e-04
6.198883056640625000e-04
5.960464477539062500e-04
5.602836608886718750e-04
5.364418029785156250e-04
5.125999450683593750e-04
4.768371582031250000e-04
4.529953002929687500e-04
4.291534423828125000e-04
4.172325134277343750e-04
3.933906555175781250e-04
