9.853714145720005035e-04
9.919935464859008789e-02
1.924092173576354980e-01
2.803803980350494385e-01
3.630154132843017578e-01
4.402212202548980713e-01
5.119163393974304199e-01
5.780379176139831543e-01
6.385497450828552246e-01
6.934515237808227539e-01
7.427873611450195312e-01
7.866539955139160156e-01
8.252072930335998535e-01
8.586640954017639160e-01
8.873034119606018066e-01
9.114601612091064453e-01
9.315196871757507324e-01
9.479017257690429688e-01
9.610474705696105957e-01
9.714031815528869629e-01
9.794045686721801758e-01
9.854627847671508789e-01
9.899535179138183594e-01
9.932094216346740723e-01
9.955159425735473633e-01
9.971109628677368164e-01
9.981857538223266602e-01
9.988911747932434082e-01
9.993414282798767090e-01
9.996204376220703125e-01
9.997881054878234863e-01
9.998855590820312500e-01
9.999403953552246094e-01
9.999702572822570801e-01
9.999854564666748047e-01
9.999929070472717285e-01
9.999966621398925781e-01
9.999966621398925781e-01
9.999966621398925781e-01
9.999967217445373535e-01
9.999969005584716797e-01
9.999970197677612305e-01
9.999971985816955566e-01
9.999973177909851074e-01
9.999974370002746582e-01
9.999976158142089844e-01
9.999977350234985352e-01
9.999978542327880859e-01
9.999979138374328613e-01
9.999980330467224121e-01
