1.004024200439453125e+02
8.169255065917968750e+01
6.573416900634765625e+01
5.226315689086914062e+01
4.099521636962890625e+01
3.166636848449707031e+01
2.406122970581054688e+01
1.798013114929199219e+01
1.318836784362792969e+01
9.480391502380371094e+00
6.671793460845947266e+00
4.592091560363769531e+00
3.085872888565063477e+00
2.020781278610229492e+00
1.287576436996459961e+00
7.971813082695007324e-01
4.789970815181732178e-01
2.790534496307373047e-01
1.575744301080703735e-01
8.633212745189666748e-02
4.605114087462425232e-02
2.411435171961784363e-02
1.259023323655128479e-02
6.719590630382299423e-03
3.768245456740260124e-03
2.264925744384527206e-03
1.469045062549412251e-03
1.018366077914834023e-03
7.403612253256142139e-04
5.529234767891466618e-04
4.142054822295904160e-04
3.093107079621404409e-04
2.328894624952226877e-04
1.803150662453845143e-04
1.429655530955642462e-04
1.157362348749302328e-04
9.575552394380792975e-05
8.222916221711784601e-05
7.117944915080443025e-05
6.465880142059177160e-05
5.729482290917076170e-05
5.233209958532825112e-05
4.825988071388565004e-05
4.459485353436321020e-05
4.140769306104630232e-05
3.841094439849257469e-05
3.560236291377805173e-05
3.295184069429524243e-05
3.054856642847880721e-05
2.828450124070513994e-05
