9.751120116363587442e-07
9.840925859009530541e-03
3.702208678513230211e-02
7.861427059644743309e-02
1.317815750795148233e-01
1.937963233590132006e-01
2.620599862245995837e-01
3.341294190736476821e-01
4.077473754892366742e-01
4.808766691526358272e-01
5.517347462739827790e-01
6.188261028589217005e-01
6.809686504347531866e-01
7.373056665048274283e-01
7.873090372747846288e-01
8.307612552899037439e-01
8.677300380543648828e-01
8.985183597082055940e-01
9.236129280830915889e-01
9.436247201325755896e-01
9.592336593983397108e-01
9.711371351136790508e-01
9.800082036532700158e-01
9.864650736236768580e-01
9.910521105928502550e-01
9.942303911359182678e-01
9.963747991338465226e-01
9.977835790798259552e-01
9.986832902764639641e-01
9.992410193117393646e-01
9.995762558749312632e-01
9.997711312607862055e-01
9.998807942631628976e-01
9.999405154491434189e-01
9.999709131448639710e-01
9.999858141448534354e-01
9.999933242909264663e-01
9.999933242909264663e-01
9.999933242909264663e-01
9.999934434998216659e-01
9.999938011265498972e-01
9.999940395444042451e-01
9.999943971712390578e-01
9.999946355891644600e-01
9.999948740071182840e-01
9.999952316341023106e-01
9.999954700521271889e-01
9.999957084701804888e-01
9.999958276792177969e-01
9.999960660973137294e-01
