1.998024992644786835e-02
1.801597140729427338e-02
1.615177467465400696e-02
1.439235173165798187e-02
1.273965369910001755e-02
1.119553856551647186e-02
9.761640802025794983e-03
8.439213968813419342e-03
7.228979840874671936e-03
6.130945403128862381e-03
5.144230090081691742e-03
4.266899544745683670e-03
3.495835000649094582e-03
2.826699055731296539e-03
2.253912622109055519e-03
1.770778908394277096e-03
1.369594247080385685e-03
1.041958341374993324e-03
7.790434174239635468e-04
5.719303735531866550e-04
4.119050281587988138e-04
2.907419111579656601e-04
2.009272575378417969e-04
1.358103763777762651e-04
8.967995381681248546e-05
5.777955084340646863e-05
3.628492413554340601e-05
2.217650398961268365e-05
1.317143414780730382e-05
7.591247594973538071e-06
4.237890152580803260e-06
2.288818222950794734e-06
1.192092895507812500e-06
5.948543275735573843e-07
2.908706733251165133e-07
1.418590471757852356e-07
6.675720243265459430e-08
6.675720243265459430e-08
6.675720243265459430e-08
6.556511067401515902e-08
6.198882829266949557e-08
5.960464477539062500e-08
5.602836594675864035e-08
5.364417887676609098e-08
5.125999180677354161e-08
4.768371297814155696e-08
4.529952946086268639e-08
4.291534239087013702e-08
4.172325063223070174e-08
3.933906356223815237e-08
