1.639826893806457520e+00
1.619607567787170410e+00
1.569389343261718750e+00
1.455868244171142578e+00
1.337812423706054688e+00
1.276098012924194336e+00
1.245099067687988281e+00
1.215577960014343262e+00
1.175822496414184570e+00
1.120703816413879395e+00
1.055649876594543457e+00
9.914793372154235840e-01
9.345638155937194824e-01
8.859270215034484863e-01
8.444196581840515137e-01
8.085900545120239258e-01
7.771407365798950195e-01
7.489911913871765137e-01
7.233128547668457031e-01
6.995427608489990234e-01
6.773447394371032715e-01
6.565303802490234375e-01
6.369884610176086426e-01
6.186409592628479004e-01
6.014136075973510742e-01
5.852184295654296875e-01
5.699530243873596191e-01
5.555137395858764648e-01
5.418085455894470215e-01
5.287647843360900879e-01
5.163317918777465820e-01
5.044762492179870605e-01
4.931780397891998291e-01
4.824297428131103516e-01
4.722374081611633301e-01
4.626132249832153320e-01
4.535647034645080566e-01
4.450849294662475586e-01
4.371519088745117188e-01
4.297314286231994629e-01
4.227842688560485840e-01
4.162691235542297363e-01
4.101460278034210205e-01
4.043773114681243896e-01
3.989284634590148926e-01
3.937678635120391846e-01
3.888668417930603027e-01
3.841991424560546875e-01
3.797410726547241211e-01
3.754708170890808105e-01
